输入
无
输出
r1=-4.06195089, x1=(0.76863992,-0.22169140,-0.36928326,-0.39544530,-0.25941952)
r2=-12.76055499, x2=(0.08924015,0.59143517,-0.44077046,0.52545854,-0.41455442)
r3=11.02339244, x3=(0.41186619,-0.34298863,0.54290688,0.61554366,-0.19769463)
r4=4.57495157, x4=(-0.10396914,-0.54629807,-0.60711145,0.42239939,0.37913491)
r5=16.22416188, x5=(0.46987821,0.43008672,0.07758273,0.10100048,0.76027607)
